(37,9211)	0.9
(89,14811)	0.826923
(91,8698)	0.882353
(91,9168)	0.882353
(91,11139)	0.882353
(116,14469)	0.846154
(157,10959)	0.894737
(157,11799)	0.894737
(157,15029)	0.894737
(157,16062)	0.894737
(158,14140)	0.923077
(158,16790)	0.827586
(175,11497)	0.894737
(184,8658)	0.818182
(205,12139)	0.928571
(206,12139)	0.928571
(212,12613)	0.823529
(239,14821)	0.833333
(265,14024)	0.947368
(266,14024)	0.947368
(319,10959)	0.894737
(319,11799)	0.894737
(319,15029)	0.894737
(319,16062)	0.894737
(347,10242)	0.866667
(347,11511)	0.866667
(392,13320)	0.882353
(447,8735)	0.890909
(447,8960)	0.890909
(447,9729)	0.890909
(447,12800)	0.824561
(447,13020)	0.824561
(447,15450)	0.854545
(447,15704)	0.962264
(447,16059)	0.830508
(447,16288)	0.854545
(447,16698)	0.830508
(447,16968)	0.962264
(462,8638)	0.96875
(463,8638)	0.96875
(487,10655)	0.857143
(600,16449)	0.875
(624,8680)	0.816327
(659,14082)	0.833333
(685,12901)	0.894737
(685,15220)	0.894737
(712,8658)	0.818182
(789,10242)	0.866667
(789,11511)	0.866667
(808,16113)	0.875
(830,9479)	0.914286
(854,16087)	0.8
(857,11598)	0.833333
(858,11598)	0.833333
(903,8766)	0.833333
(903,9023)	0.833333
(903,10956)	0.833333
(903,16129)	0.833333
(903,16703)	0.833333
(905,10472)	0.818182
(905,10818)	0.818182
(905,11970)	0.818182
(905,13955)	0.818182
(905,17032)	0.818182
(916,8958)	0.913043
(916,16381)	0.913043
(932,8735)	0.890909
(932,8960)	0.890909
(932,9729)	0.890909
(932,12800)	0.824561
(932,13020)	0.824561
(932,15450)	0.854545
(932,15704)	0.962264
(932,16059)	0.830508
(932,16288)	0.854545
(932,16698)	0.830508
(932,16968)	0.962264
(976,10601)	0.945946
(1073,14077)	0.857143
(1166,13788)	0.8
(1172,9426)	0.909091
(1191,9882)	0.8
(1246,10042)	0.913043
(1246,12231)	0.913043
(1246,13578)	0.913043
(1292,11197)	0.913043
(1336,12317)	0.928571
(1336,16821)	0.95122
(1355,15429)	0.923077
(1375,14661)	0.8
(1375,15567)	0.8
(1376,14661)	0.8
(1376,15567)	0.8
(1377,14661)	0.8
(1377,15567)	0.8
(1384,14182)	0.8
(1466,12105)	0.8
(1500,11336)	0.833333
(1511,15762)	0.9
(1535,10959)	0.894737
(1535,11799)	0.894737
(1535,15029)	0.894737
(1535,16062)	0.894737
(1549,12553)	0.882353
(1586,8691)	0.833333
(1586,9138)	0.833333
(1586,11134)	0.833333
(1586,11135)	0.833333
(1586,14623)	0.833333
(1586,16030)	0.833333
(1587,8691)	0.833333
(1587,9138)	0.833333
(1587,11134)	0.833333
(1587,11135)	0.833333
(1587,14623)	0.833333
(1587,16030)	0.833333
(1612,10959)	0.894737
(1612,11799)	0.894737
(1612,15029)	0.894737
(1612,16062)	0.894737
(1624,10766)	0.846154
(1699,14077)	0.857143
(1704,8838)	0.818182
(1704,8974)	0.818182
(1704,10873)	0.818182
(1704,14381)	0.818182
(1728,9682)	0.8
(1729,9682)	0.8
(1748,9241)	0.857143
(1752,8911)	0.846154
(1752,14304)	0.835443
(1752,14305)	0.835443
(1752,16751)	0.835443
(1752,16752)	0.835443
(1753,8911)	0.846154
(1753,14304)	0.835443
(1753,14305)	0.835443
(1753,16751)	0.835443
(1753,16752)	0.835443
(1754,8911)	0.846154
(1754,14304)	0.835443
(1754,14305)	0.835443
(1754,16751)	0.835443
(1754,16752)	0.835443
(1763,10562)	0.866667
(1776,10705)	0.888889
(1777,10705)	0.888889
(1820,11677)	0.846154
(1823,8625)	0.882353
(1823,9337)	0.882353
(1828,11652)	0.846154
(1845,9557)	0.8
(1921,11123)	0.958333
(1921,12800)	0.8
(1921,13020)	0.8
(1942,8766)	0.833333
(1942,9023)	0.833333
(1942,10956)	0.833333
(1942,16129)	0.833333
(1942,16703)	0.833333
(2110,14469)	0.846154
(2129,9352)	0.961538
(2157,16001)	0.882353
(2171,8913)	0.857143
(2180,13238)	0.833333
(2182,8766)	0.833333
(2182,9023)	0.833333
(2182,10956)	0.833333
(2182,16129)	0.833333
(2182,16703)	0.833333
(2188,11230)	0.8
(2285,8762)	0.964912
(2288,13079)	0.818182
(2317,12404)	0.92
(2317,15997)	0.92
(2338,16130)	0.875
(2338,16131)	0.875
(2351,16498)	0.882353
(2404,16513)	0.818182
(2420,13184)	0.8
(2431,14682)	0.875
(2441,12901)	0.894737
(2441,15220)	0.894737
(2486,15956)	0.945946
(2494,8838)	0.818182
(2494,8974)	0.818182
(2494,10873)	0.818182
(2494,14381)	0.818182
(2516,8691)	0.833333
(2516,9138)	0.833333
(2516,11134)	0.833333
(2516,11135)	0.833333
(2516,14623)	0.833333
(2516,16030)	0.833333
(2541,10472)	0.818182
(2541,10818)	0.818182
(2541,11970)	0.818182
(2541,13955)	0.818182
(2541,17032)	0.818182
(2612,15415)	0.866667
(2616,16632)	0.875
(2616,17036)	0.875
(2646,10472)	0.818182
(2646,10818)	0.818182
(2646,11970)	0.818182
(2646,13955)	0.818182
(2646,17032)	0.818182
(2651,16688)	0.9
(2660,10983)	0.8
(2661,8762)	0.964912
(2671,13141)	0.866667
(2672,16513)	0.818182
(2687,8691)	0.833333
(2687,9138)	0.833333
(2687,11134)	0.833333
(2687,11135)	0.833333
(2687,14623)	0.833333
(2687,16030)	0.833333
(2690,9241)	0.857143
(2695,15170)	0.875
(2695,16049)	0.875
(2703,14852)	0.882353
(2707,11630)	0.846154
(2707,16919)	0.846154
(2714,16874)	0.846154
(2768,10242)	0.866667
(2768,11511)	0.866667
(2771,11246)	0.888889
(2771,14366)	0.888889
(2825,8735)	0.890909
(2825,8960)	0.890909
(2825,9729)	0.890909
(2825,12800)	0.824561
(2825,13020)	0.824561
(2825,15450)	0.854545
(2825,15704)	0.962264
(2825,16059)	0.830508
(2825,16288)	0.854545
(2825,16698)	0.830508
(2825,16968)	0.962264
(2892,14090)	0.8
(2936,9456)	0.888889
(2978,13312)	0.8
(3019,12901)	0.894737
(3019,15220)	0.894737
(3030,12442)	0.818182
(3033,15501)	0.8
(3039,8625)	0.882353
(3039,9337)	0.882353
(3053,14063)	0.882353
(3091,16498)	0.882353
(3160,12404)	0.92
(3160,15997)	0.92
(3203,10959)	0.894737
(3203,11799)	0.894737
(3203,15029)	0.894737
(3203,16062)	0.894737
(3211,11459)	0.8
(3211,15193)	0.8
(3231,11439)	0.8
(3258,8691)	0.833333
(3258,9138)	0.833333
(3258,11134)	0.833333
(3258,11135)	0.833333
(3258,14623)	0.833333
(3258,16030)	0.833333
(3267,14798)	0.833333
(3379,12999)	0.833333
(3434,8691)	0.833333
(3434,9138)	0.833333
(3434,11134)	0.833333
(3434,11135)	0.833333
(3434,14623)	0.833333
(3434,16030)	0.833333
(3507,14445)	0.810811
(3557,10388)	0.866667
(3557,12401)	0.866667
(3557,13713)	0.866667
(3649,12317)	0.906977
(3649,16821)	0.928571
(3665,12213)	0.818182
(3676,10342)	0.818182
(3736,8658)	0.818182
(3738,14195)	0.857143
(3745,11419)	0.818182
(3791,15704)	0.819672
(3791,16059)	0.854839
(3791,16698)	0.854839
(3791,16968)	0.819672
(3796,10970)	0.933333
(3797,10302)	0.888889
(3818,11319)	0.857143
(3826,9211)	0.9
(3882,14443)	0.846154
(3907,11259)	0.888889
(3953,10959)	0.894737
(3953,11799)	0.894737
(3953,15029)	0.894737
(3953,16062)	0.894737
(3986,10472)	0.818182
(3986,10818)	0.818182
(3986,11970)	0.818182
(3986,13955)	0.818182
(3986,17032)	0.818182
(4018,8735)	0.925926
(4018,8960)	0.890909
(4018,9729)	0.890909
(4018,12800)	0.824561
(4018,13020)	0.824561
(4018,15450)	0.854545
(4018,15704)	0.962264
(4018,16059)	0.862069
(4018,16288)	0.854545
(4018,16698)	0.830508
(4018,16968)	0.962264
(4031,10472)	0.818182
