(4031,10818)	0.818182
(4031,11970)	0.818182
(4031,13955)	0.818182
(4031,17032)	0.818182
(4068,8838)	0.818182
(4068,8974)	0.818182
(4068,10873)	0.818182
(4068,14381)	0.818182
(4092,10042)	0.913043
(4092,12231)	0.913043
(4092,13578)	0.913043
(4127,12339)	0.857143
(4127,16791)	0.857143
(4179,14591)	0.833333
(4183,10472)	0.818182
(4183,10818)	0.818182
(4183,11970)	0.818182
(4183,13955)	0.818182
(4183,17032)	0.818182
(4197,12944)	0.8
(4197,15664)	0.8
(4276,11827)	0.909091
(4276,11922)	0.909091
(4276,13498)	0.909091
(4321,11006)	0.833333
(4336,13911)	0.818182
(4388,10959)	0.894737
(4388,11799)	0.894737
(4388,15029)	0.894737
(4388,16062)	0.894737
(4429,11789)	0.810345
(4486,10472)	0.818182
(4486,10818)	0.818182
(4486,11970)	0.818182
(4486,13955)	0.818182
(4486,17032)	0.818182
(4512,10086)	0.882353
(4516,10941)	0.833333
(4516,13827)	0.857143
(4517,10941)	0.833333
(4517,13827)	0.857143
(4588,13776)	0.818182
(4611,10190)	0.944444
(4616,16632)	0.875
(4616,17036)	0.875
(4704,8735)	0.824561
(4704,8960)	0.824561
(4704,9729)	0.824561
(4704,11123)	0.8
(4704,12071)	0.830508
(4704,12800)	0.962264
(4704,12845)	0.830508
(4704,13020)	0.962264
(4704,15704)	0.824561
(4704,16968)	0.824561
(4723,13391)	0.833333
(4724,13391)	0.833333
(4728,8625)	0.882353
(4728,9337)	0.882353
(4761,8911)	0.82716
(4761,14304)	0.839506
(4761,14305)	0.839506
(4761,16751)	0.839506
(4761,16752)	0.839506
(4762,8911)	0.82716
(4762,14304)	0.839506
(4762,14305)	0.839506
(4762,16751)	0.839506
(4762,16752)	0.839506
(4797,10880)	0.8
(4825,12999)	0.833333
(4837,8811)	0.903226
(4849,12870)	0.814815
(4892,13892)	0.846154
(4960,9570)	0.8
(4977,10959)	0.894737
(4977,11799)	0.894737
(4977,15029)	0.894737
(4977,16062)	0.894737
(5011,10941)	0.909091
(5012,10941)	0.909091
(5019,13128)	0.866667
(5021,10758)	0.863636
(5021,11375)	0.846154
(5046,12284)	0.866667
(5046,16518)	0.866667
(5060,11015)	0.818182
(5060,12273)	0.818182
(5067,15041)	0.866667
(5135,10472)	0.818182
(5135,10818)	0.818182
(5135,11970)	0.818182
(5135,13955)	0.818182
(5135,17032)	0.818182
(5296,12339)	0.857143
(5296,16791)	0.857143
(5322,15150)	0.8
(5322,15151)	0.8
(5322,15152)	0.8
(5322,15153)	0.8
(5322,15154)	0.8
(5322,15155)	0.8
(5322,15156)	0.8
(5322,15157)	0.8
(5322,15158)	0.8
(5322,15159)	0.8
(5322,15160)	0.8
(5322,15161)	0.8
(5322,15162)	0.8
(5344,14574)	0.945946
(5345,10342)	0.818182
(5389,9426)	0.909091
(5422,8911)	0.8375
(5422,14304)	0.804878
(5422,14305)	0.804878
(5422,16751)	0.82716
(5422,16752)	0.82716
(5423,8911)	0.8375
(5423,14304)	0.804878
(5423,14305)	0.804878
(5423,16751)	0.82716
(5423,16752)	0.82716
(5546,10833)	0.846154
(5546,14823)	0.846154
(5546,16590)	0.846154
(5583,13824)	0.888889
(5630,16026)	0.818182
(5630,16548)	0.818182
(5634,16026)	0.818182
(5634,16548)	0.818182
(5676,16645)	0.846154
(5700,9139)	0.8
(5700,9140)	0.8
(5780,9298)	0.928571
(5845,10947)	0.818182
(5845,12878)	0.818182
(5934,8616)	0.916667
(5934,10916)	0.833333
(5936,14790)	0.857143
(5943,10833)	0.846154
(5943,14823)	0.846154
(5943,16590)	0.846154
(5965,10190)	0.944444
(5971,11655)	0.909091
(5973,12268)	0.846154
(5983,10758)	0.873016
(5983,11375)	0.916667
(6011,12656)	0.857143
(6069,13827)	0.928571
(6078,12100)	0.875
(6079,12100)	0.875
(6083,8625)	0.882353
(6083,9337)	0.882353
(6175,11191)	0.8
(6194,10431)	0.857143
(6208,8680)	0.8
(6222,9192)	0.846154
(6222,15849)	0.846154
(6225,10999)	0.916667
(6225,16826)	0.916667
(6264,8911)	0.835443
(6264,14304)	0.825
(6264,14305)	0.825
(6264,16751)	0.848101
(6264,16752)	0.848101
(6265,8911)	0.835443
(6265,14304)	0.825
(6265,14305)	0.825
(6265,16751)	0.848101
(6265,16752)	0.848101
(6266,8911)	0.835443
(6266,14304)	0.825
(6266,14305)	0.825
(6266,16751)	0.848101
(6266,16752)	0.848101
(6271,15169)	0.882353
(6292,11215)	0.818182
(6469,10833)	0.846154
(6469,14823)	0.846154
(6469,16590)	0.846154
(6478,11448)	0.8
(6484,8766)	0.833333
(6484,9023)	0.833333
(6484,10956)	0.833333
(6484,16129)	0.833333
(6484,16703)	0.833333
(6497,11630)	0.846154
(6497,16919)	0.846154
(6504,9751)	0.92
(6504,9797)	0.92
(6504,11198)	0.92
(6504,12697)	0.92
(6504,16488)	0.92
(6583,8658)	0.818182
(6613,10472)	0.818182
(6613,10818)	0.818182
(6613,11970)	0.818182
(6613,13955)	0.818182
(6613,17032)	0.818182
(6636,11630)	0.846154
(6636,16919)	0.846154
(6667,9751)	0.92
(6667,9797)	0.92
(6667,11198)	0.92
(6667,12697)	0.92
(6667,16488)	0.92
(6679,12404)	0.92
(6679,15997)	0.92
(6717,11197)	0.913043
(6730,12351)	0.84
(6767,8680)	0.8
(6781,10023)	0.842105
(6781,11348)	0.842105
(6781,16060)	0.8
(6789,9143)	0.866667
(6792,12284)	0.866667
(6792,16518)	0.866667
(6799,15732)	0.916667
(6799,16913)	0.916667
(6820,16920)	0.913043
(6823,8691)	0.833333
(6823,9138)	0.833333
(6823,11134)	0.833333
(6823,11135)	0.833333
(6823,14623)	0.833333
(6823,16030)	0.833333
(6838,10431)	0.857143
(6911,8838)	0.818182
(6911,8974)	0.818182
(6911,10873)	0.818182
(6911,14381)	0.818182
(6944,9428)	0.875
(6944,10698)	0.875
(6946,8735)	0.830508
(6946,8960)	0.830508
(6946,9729)	0.830508
(6946,12071)	0.836066
(6946,12845)	0.836066
(6946,15704)	0.830508
(6946,16059)	0.964912
(6946,16698)	0.964912
(6946,16968)	0.830508
(7017,13676)	0.818182
(7027,9928)	0.896552
(7089,11610)	0.923077
(7135,15002)	0.882353
(7146,13691)	0.809524
(7156,12680)	0.8
(7191,9218)	0.8
(7200,12684)	0.818182
(7200,16165)	0.818182
(7216,12276)	0.882353
(7224,9479)	0.941176
(7231,9821)	0.857143
(7231,15479)	0.857143
(7251,10863)	0.875
(7252,10863)	0.875
(7253,10863)	0.875
(7277,10427)	0.976744
(7311,10613)	0.833333
(7312,10613)	0.833333
(7355,15545)	0.92
(7437,16640)	0.875
(7437,16641)	0.875
(7437,16642)	0.875
(7437,16643)	0.875
(7462,15795)	0.875
(7464,11459)	0.8
(7464,15193)	0.8
(7546,10601)	0.945946
(7592,8820)	0.818182
(7596,9065)	0.916667
(7597,9065)	0.916667
(7598,9065)	0.916667
(7599,9065)	0.916667
(7650,14024)	0.947368
(7665,11197)	0.913043
(7740,11448)	0.8
(7755,14470)	0.875
(7756,14470)	0.875
(7757,14470)	0.875
(7758,14470)	0.875
(7822,15732)	0.916667
(7822,16913)	0.916667
(7849,12729)	0.8
(7852,16920)	0.913043
(7863,13426)	0.84
(7863,16694)	0.84
(7877,14438)	0.909091
(7889,9192)	0.846154
(7889,15849)	0.846154
(7972,10833)	0.846154
(7972,14823)	0.846154
(7972,16590)	0.846154
(8012,8735)	0.962264
(8012,8960)	0.962264
(8012,9729)	0.962264
(8012,12800)	0.824561
(8012,13020)	0.824561
(8012,15450)	0.924528
(8012,15704)	0.890909
(8012,16059)	0.830508
(8012,16288)	0.924528
(8012,16698)	0.830508
(8012,16968)	0.890909
(8022,10983)	0.8
(8147,9671)	0.857143
(8164,16001)	0.882353
(8201,9237)	0.866667
(8207,10472)	0.818182
(8207,10818)	0.818182
(8207,11970)	0.818182
(8207,13955)	0.818182
(8207,17032)	0.818182
(8219,10472)	0.818182
(8219,10818)	0.818182
(8219,11970)	0.818182
(8219,13955)	0.818182
(8219,17032)	0.818182
(8223,14181)	0.846154
(8258,10562)	0.866667
(8271,11827)	0.909091
(8271,11922)	0.909091
(8271,13498)	0.909091
(8281,9933)	0.8
(8360,10671)	0.818182
(8393,14472)	0.857143
(8406,11892)	0.909091
(8455,10640)	0.888889
(8520,12606)	0.945946
(8554,11473)	0.823529
(8558,10705)	0.8
(8566,16645)	0.846154
